(kicad_pcb (version 20171130) (host pcbnew 5.0.2+dfsg1-1)

  (general
    (thickness 1.6)
    (drawings 27)
    (tracks 377)
    (zones 0)
    (modules 41)
    (nets 85)
  )

  (page A4)
  (title_block
    (date "lun. 30 mars 2015")
  )

  (layers
    (0 F.Cu signal)
    (31 B.Cu signal)
    (32 B.Adhes user)
    (33 F.Adhes user)
    (34 B.Paste user)
    (35 F.Paste user)
    (36 B.SilkS user)
    (37 F.SilkS user)
    (38 B.Mask user)
    (39 F.Mask user)
    (40 Dwgs.User user)
    (41 Cmts.User user)
    (42 Eco1.User user)
    (43 Eco2.User user)
    (44 Edge.Cuts user)
    (45 Margin user)
    (46 B.CrtYd user)
    (47 F.CrtYd user)
    (48 B.Fab user)
    (49 F.Fab user)
  )

  (setup
    (last_trace_width 0.25)
    (trace_clearance 0.2)
    (zone_clearance 0.508)
    (zone_45_only no)
    (trace_min 0.2)
    (segment_width 0.15)
    (edge_width 0.15)
    (via_size 0.6)
    (via_drill 0.4)
    (via_min_size 0.4)
    (via_min_drill 0.3)
    (uvia_size 0.3)
    (uvia_drill 0.1)
    (uvias_allowed no)
    (uvia_min_size 0.2)
    (uvia_min_drill 0.1)
    (pcb_text_width 0.3)
    (pcb_text_size 1.5 1.5)
    (mod_edge_width 0.15)
    (mod_text_size 1 1)
    (mod_text_width 0.15)
    (pad_size 4.064 4.064)
    (pad_drill 3.048)
    (pad_to_mask_clearance 0)
    (solder_mask_min_width 0.25)
    (aux_axis_origin 110.998 126.365)
    (grid_origin 110.998 126.365)
    (visible_elements FFFFFF7F)
    (pcbplotparams
      (layerselection 0x00030_80000001)
      (usegerberextensions false)
      (usegerberattributes false)
      (usegerberadvancedattributes false)
      (creategerberjobfile false)
      (excludeedgelayer true)
      (linewidth 0.100000)
      (plotframeref false)
      (viasonmask false)
      (mode 1)
      (useauxorigin false)
      (hpglpennumber 1)
      (hpglpenspeed 20)
      (hpglpendiameter 15.000000)
      (psnegative false)
      (psa4output false)
      (plotreference true)
      (plotvalue true)
      (plotinvisibletext false)
      (padsonsilk false)
      (subtractmaskfromsilk false)
      (outputformat 1)
      (mirror false)
      (drillshape 1)
      (scaleselection 1)
      (outputdirectory ""))
  )

  (net 0 "")
  (net 1 /IOREF)
  (net 2 /Reset)
  (net 3 +5V)
  (net 4 GND)
  (net 5 /Vin)
  (net 6 /A0)
  (net 7 /A1)
  (net 8 /A2)
  (net 9 /A3)
  (net 10 /AREF)
  (net 11 "/9(**)")
  (net 12 /8)
  (net 13 "/1(Tx)")
  (net 14 "/0(Rx)")
  (net 15 "Net-(P5-Pad1)")
  (net 16 "Net-(P6-Pad1)")
  (net 17 "Net-(P7-Pad1)")
  (net 18 "Net-(P8-Pad1)")
  (net 19 "/10(**/SS)")
  (net 20 "Net-(P1-Pad1)")
  (net 21 +3V3)
  (net 22 1V8)
  (net 23 "Net-(J1-Pad2)")
  (net 24 "Net-(J1-Pad3)")
  (net 25 "Net-(L1-Pad2)")
  (net 26 "Net-(P2-Pad5)")
  (net 27 "Net-(P2-Pad6)")
  (net 28 SCL)
  (net 29 SDA)
  (net 30 SCK)
  (net 31 MISO)
  (net 32 MOSI)
  (net 33 CRESET)
  (net 34 CDONE)
  (net 35 CSFLASH1)
  (net 36 CSFLASH0)
  (net 37 CSFPGA)
  (net 38 COUNTER)
  (net 39 "Net-(R1-Pad2)")
  (net 40 "Net-(R3-Pad1)")
  (net 41 "Net-(R4-Pad1)")
  (net 42 "Net-(U8-Pad2)")
  (net 43 "Net-(U8-Pad3)")
  (net 44 "Net-(U8-Pad7)")
  (net 45 "Net-(U8-Pad9)")
  (net 46 "Net-(U9-Pad2)")
  (net 47 "Net-(U9-Pad3)")
  (net 48 "Net-(U9-Pad4)")
  (net 49 "Net-(U9-Pad6)")
  (net 50 "Net-(U9-Pad9)")
  (net 51 "Net-(U9-Pad10)")
  (net 52 "Net-(U9-Pad11)")
  (net 53 "Net-(U9-Pad12)")
  (net 54 "Net-(U9-Pad13)")
  (net 55 "Net-(U9-Pad18)")
  (net 56 "Net-(U9-Pad19)")
  (net 57 "Net-(U9-Pad20)")
  (net 58 "Net-(U9-Pad21)")
  (net 59 "Net-(U9-Pad23)")
  (net 60 "Net-(U9-Pad25)")
  (net 61 "Net-(U9-Pad26)")
  (net 62 "Net-(U9-Pad27)")
  (net 63 "Net-(U9-Pad28)")
  (net 64 "Net-(U9-Pad31)")
  (net 65 "Net-(U9-Pad32)")
  (net 66 "Net-(U9-Pad34)")
  (net 67 "Net-(U9-Pad35)")
  (net 68 "Net-(U9-Pad36)")
  (net 69 "Net-(U9-Pad37)")
  (net 70 "Net-(U9-Pad38)")
  (net 71 "Net-(U9-Pad39)")
  (net 72 "Net-(U9-Pad40)")
  (net 73 "Net-(U9-Pad41)")
  (net 74 "Net-(U9-Pad42)")
  (net 75 "Net-(U9-Pad43)")
  (net 76 "Net-(U9-Pad44)")
  (net 77 "Net-(U9-Pad45)")
  (net 78 "Net-(U9-Pad46)")
  (net 79 "Net-(U9-Pad47)")
  (net 80 "Net-(U9-Pad48)")
  (net 81 "Net-(U10-Pad7)")
  (net 82 "Net-(U10-Pad3)")
  (net 83 "Net-(U10-Pad2)")
  (net 84 "Net-(U10-Pad1)")

  (net_class Default "This is the default net class."
    (clearance 0.2)
    (trace_width 0.25)
    (via_dia 0.6)
    (via_drill 0.4)
    (uvia_dia 0.3)
    (uvia_drill 0.1)
    (add_net +3V3)
    (add_net +5V)
    (add_net "/0(Rx)")
    (add_net "/1(Tx)")
    (add_net "/10(**/SS)")
    (add_net /8)
    (add_net "/9(**)")
    (add_net /A0)
    (add_net /A1)
    (add_net /A2)
    (add_net /A3)
    (add_net /AREF)
    (add_net /IOREF)
    (add_net /Reset)
    (add_net /Vin)
    (add_net 1V8)
    (add_net CDONE)
    (add_net COUNTER)
    (add_net CRESET)
    (add_net CSFLASH0)
    (add_net CSFLASH1)
    (add_net CSFPGA)
    (add_net GND)
    (add_net MISO)
    (add_net MOSI)
    (add_net "Net-(J1-Pad2)")
    (add_net "Net-(J1-Pad3)")
    (add_net "Net-(L1-Pad2)")
    (add_net "Net-(P1-Pad1)")
    (add_net "Net-(P2-Pad5)")
    (add_net "Net-(P2-Pad6)")
    (add_net "Net-(P5-Pad1)")
    (add_net "Net-(P6-Pad1)")
    (add_net "Net-(P7-Pad1)")
    (add_net "Net-(P8-Pad1)")
    (add_net "Net-(R1-Pad2)")
    (add_net "Net-(R3-Pad1)")
    (add_net "Net-(R4-Pad1)")
    (add_net "Net-(U10-Pad1)")
    (add_net "Net-(U10-Pad2)")
    (add_net "Net-(U10-Pad3)")
    (add_net "Net-(U10-Pad7)")
    (add_net "Net-(U8-Pad2)")
    (add_net "Net-(U8-Pad3)")
    (add_net "Net-(U8-Pad7)")
    (add_net "Net-(U8-Pad9)")
    (add_net "Net-(U9-Pad10)")
    (add_net "Net-(U9-Pad11)")
    (add_net "Net-(U9-Pad12)")
    (add_net "Net-(U9-Pad13)")
    (add_net "Net-(U9-Pad18)")
    (add_net "Net-(U9-Pad19)")
    (add_net "Net-(U9-Pad2)")
    (add_net "Net-(U9-Pad20)")
    (add_net "Net-(U9-Pad21)")
    (add_net "Net-(U9-Pad23)")
    (add_net "Net-(U9-Pad25)")
    (add_net "Net-(U9-Pad26)")
    (add_net "Net-(U9-Pad27)")
    (add_net "Net-(U9-Pad28)")
    (add_net "Net-(U9-Pad3)")
    (add_net "Net-(U9-Pad31)")
    (add_net "Net-(U9-Pad32)")
    (add_net "Net-(U9-Pad34)")
    (add_net "Net-(U9-Pad35)")
    (add_net "Net-(U9-Pad36)")
    (add_net "Net-(U9-Pad37)")
    (add_net "Net-(U9-Pad38)")
    (add_net "Net-(U9-Pad39)")
    (add_net "Net-(U9-Pad4)")
    (add_net "Net-(U9-Pad40)")
    (add_net "Net-(U9-Pad41)")
    (add_net "Net-(U9-Pad42)")
    (add_net "Net-(U9-Pad43)")
    (add_net "Net-(U9-Pad44)")
    (add_net "Net-(U9-Pad45)")
    (add_net "Net-(U9-Pad46)")
    (add_net "Net-(U9-Pad47)")
    (add_net "Net-(U9-Pad48)")
    (add_net "Net-(U9-Pad6)")
    (add_net "Net-(U9-Pad9)")
    (add_net SCK)
    (add_net SCL)
    (add_net SDA)
  )

  (module Crystal:Crystal_SMD_5032-4Pin_5.0x3.2mm (layer F.Cu) (tedit 5A0FD1B2) (tstamp 5D48E75D)
    (at 147.066 83.693 90)
    (descr "SMD Crystal SERIES SMD2520/4 http://www.icbase.com/File/PDF/HKC/HKC00061008.pdf, 5.0x3.2mm^2 package")
    (tags "SMD SMT crystal")
    (path /5D3D2794)
    (attr smd)
    (fp_text reference Y1 (at 0 -2.8 90) (layer F.SilkS)
      (effects (font (size 1 1) (thickness 0.15)))
    )
    (fp_text value Crystal_GND24 (at 0 2.8 90) (layer F.Fab)
      (effects (font (size 1 1) (thickness 0.15)))
    )
    (fp_text user %R (at 0 0 90) (layer F.Fab)
      (effects (font (size 1 1) (thickness 0.15)))
    )
    (fp_line (start -2.3 -1.6) (end 2.3 -1.6) (layer F.Fab) (width 0.1))
    (fp_line (start 2.3 -1.6) (end 2.5 -1.4) (layer F.Fab) (width 0.1))
    (fp_line (start 2.5 -1.4) (end 2.5 1.4) (layer F.Fab) (width 0.1))
    (fp_line (start 2.5 1.4) (end 2.3 1.6) (layer F.Fab) (width 0.1))
    (fp_line (start 2.3 1.6) (end -2.3 1.6) (layer F.Fab) (width 0.1))
    (fp_line (start -2.3 1.6) (end -2.5 1.4) (layer F.Fab) (width 0.1))
    (fp_line (start -2.5 1.4) (end -2.5 -1.4) (layer F.Fab) (width 0.1))
    (fp_line (start -2.5 -1.4) (end -2.3 -1.6) (layer F.Fab) (width 0.1))
    (fp_line (start -2.5 0.6) (end -1.5 1.6) (layer F.Fab) (width 0.1))
    (fp_line (start -2.65 -1.85) (end -2.65 1.85) (layer F.SilkS) (width 0.12))
    (fp_line (start -2.65 1.85) (end 2.65 1.85) (layer F.SilkS) (width 0.12))
    (fp_line (start -2.8 -1.9) (end -2.8 1.9) (layer F.CrtYd) (width 0.05))
    (fp_line (start -2.8 1.9) (end 2.8 1.9) (layer F.CrtYd) (width 0.05))
    (fp_line (start 2.8 1.9) (end 2.8 -1.9) (layer F.CrtYd) (width 0.05))
    (fp_line (start 2.8 -1.9) (end -2.8 -1.9) (layer F.CrtYd) (width 0.05))
    (pad 1 smd rect (at -1.65 1 90) (size 1.6 1.3) (layers F.Cu F.Paste F.Mask)
      (net 43 "Net-(U8-Pad3)"))
    (pad 2 smd rect (at 1.65 1 90) (size 1.6 1.3) (layers F.Cu F.Paste F.Mask)
      (net 4 GND))
    (pad 3 smd rect (at 1.65 -1 90) (size 1.6 1.3) (layers F.Cu F.Paste F.Mask)
      (net 42 "Net-(U8-Pad2)"))
    (pad 4 smd rect (at -1.65 -1 90) (size 1.6 1.3) (layers F.Cu F.Paste F.Mask)
      (net 4 GND))
    (model ${KISYS3DMOD}/Crystal.3dshapes/Crystal_SMD_5032-4Pin_5.0x3.2mm.wrl
      (at (xyz 0 0 0))
      (scale (xyz 1 1 1))
      (rotate (xyz 0 0 0))
    )
  )

  (module Socket_Arduino_Uno:Socket_Strip_Arduino_1x08 locked (layer F.Cu) (tedit 552168D2) (tstamp 551AF9EA)
    (at 138.938 123.825)
    (descr "Through hole socket strip")
    (tags "socket strip")
    (path /56D70129)
    (fp_text reference P1 (at 8.89 -2.54) (layer F.SilkS)
      (effects (font (size 1 1) (thickness 0.15)))
    )
    (fp_text value Power (at 8.89 -4.064) (layer F.Fab)
      (effects (font (size 1 1) (thickness 0.15)))
    )
    (fp_line (start -1.75 -1.75) (end -1.75 1.75) (layer F.CrtYd) (width 0.05))
    (fp_line (start 19.55 -1.75) (end 19.55 1.75) (layer F.CrtYd) (width 0.05))
    (fp_line (start -1.75 -1.75) (end 19.55 -1.75) (layer F.CrtYd) (width 0.05))
    (fp_line (start -1.75 1.75) (end 19.55 1.75) (layer F.CrtYd) (width 0.05))
    (fp_line (start 1.27 1.27) (end 19.05 1.27) (layer F.SilkS) (width 0.15))
    (fp_line (start 19.05 1.27) (end 19.05 -1.27) (layer F.SilkS) (width 0.15))
    (fp_line (start 19.05 -1.27) (end 1.27 -1.27) (layer F.SilkS) (width 0.15))
    (fp_line (start -1.55 1.55) (end 0 1.55) (layer F.SilkS) (width 0.15))
    (fp_line (start 1.27 1.27) (end 1.27 -1.27) (layer F.SilkS) (width 0.15))
    (fp_line (start 0 -1.55) (end -1.55 -1.55) (layer F.SilkS) (width 0.15))
    (fp_line (start -1.55 -1.55) (end -1.55 1.55) (layer F.SilkS) (width 0.15))
    (pad 1 thru_hole oval (at 0 0) (size 1.7272 2.032) (drill 1.016) (layers *.Cu *.Mask F.SilkS)
      (net 20 "Net-(P1-Pad1)"))
    (pad 2 thru_hole oval (at 2.54 0) (size 1.7272 2.032) (drill 1.016) (layers *.Cu *.Mask F.SilkS)
      (net 1 /IOREF))
    (pad 3 thru_hole oval (at 5.08 0) (size 1.7272 2.032) (drill 1.016) (layers *.Cu *.Mask F.SilkS)
      (net 2 /Reset))
    (pad 4 thru_hole oval (at 7.62 0) (size 1.7272 2.032) (drill 1.016) (layers *.Cu *.Mask F.SilkS)
      (net 21 +3V3))
    (pad 5 thru_hole oval (at 10.16 0) (size 1.7272 2.032) (drill 1.016) (layers *.Cu *.Mask F.SilkS)
      (net 3 +5V))
    (pad 6 thru_hole oval (at 12.7 0) (size 1.7272 2.032) (drill 1.016) (layers *.Cu *.Mask F.SilkS)
      (net 4 GND))
    (pad 7 thru_hole oval (at 15.24 0) (size 1.7272 2.032) (drill 1.016) (layers *.Cu *.Mask F.SilkS)
      (net 4 GND))
    (pad 8 thru_hole oval (at 17.78 0) (size 1.7272 2.032) (drill 1.016) (layers *.Cu *.Mask F.SilkS)
      (net 5 /Vin))
    (model ${KIPRJMOD}/Socket_Arduino_Uno.3dshapes/Socket_header_Arduino_1x08.wrl
      (offset (xyz 8.889999866485596 0 0))
      (scale (xyz 1 1 1))
      (rotate (xyz 0 0 180))
    )
  )

  (module Socket_Arduino_Uno:Socket_Strip_Arduino_1x06 locked (layer F.Cu) (tedit 552168D6) (tstamp 551AF9FF)
    (at 161.798 123.825)
    (descr "Through hole socket strip")
    (tags "socket strip")
    (path /56D70DD8)
    (fp_text reference P2 (at 6.604 -2.54) (layer F.SilkS)
      (effects (font (size 1 1) (thickness 0.15)))
    )
    (fp_text value Analog (at 6.604 -4.064) (layer F.Fab)
      (effects (font (size 1 1) (thickness 0.15)))
    )
    (fp_line (start -1.75 -1.75) (end -1.75 1.75) (layer F.CrtYd) (width 0.05))
    (fp_line (start 14.45 -1.75) (end 14.45 1.75) (layer F.CrtYd) (width 0.05))
    (fp_line (start -1.75 -1.75) (end 14.45 -1.75) (layer F.CrtYd) (width 0.05))
    (fp_line (start -1.75 1.75) (end 14.45 1.75) (layer F.CrtYd) (width 0.05))
    (fp_line (start 1.27 1.27) (end 13.97 1.27) (layer F.SilkS) (width 0.15))
    (fp_line (start 13.97 1.27) (end 13.97 -1.27) (layer F.SilkS) (width 0.15))
    (fp_line (start 13.97 -1.27) (end 1.27 -1.27) (layer F.SilkS) (width 0.15))
    (fp_line (start -1.55 1.55) (end 0 1.55) (layer F.SilkS) (width 0.15))
    (fp_line (start 1.27 1.27) (end 1.27 -1.27) (layer F.SilkS) (width 0.15))
    (fp_line (start 0 -1.55) (end -1.55 -1.55) (layer F.SilkS) (width 0.15))
    (fp_line (start -1.55 -1.55) (end -1.55 1.55) (layer F.SilkS) (width 0.15))
    (pad 1 thru_hole oval (at 0 0) (size 1.7272 2.032) (drill 1.016) (layers *.Cu *.Mask F.SilkS)
      (net 6 /A0))
    (pad 2 thru_hole oval (at 2.54 0) (size 1.7272 2.032) (drill 1.016) (layers *.Cu *.Mask F.SilkS)
      (net 7 /A1))
    (pad 3 thru_hole oval (at 5.08 0) (size 1.7272 2.032) (drill 1.016) (layers *.Cu *.Mask F.SilkS)
      (net 8 /A2))
    (pad 4 thru_hole oval (at 7.62 0) (size 1.7272 2.032) (drill 1.016) (layers *.Cu *.Mask F.SilkS)
      (net 9 /A3))
    (pad 5 thru_hole oval (at 10.16 0) (size 1.7272 2.032) (drill 1.016) (layers *.Cu *.Mask F.SilkS)
      (net 26 "Net-(P2-Pad5)"))
    (pad 6 thru_hole oval (at 12.7 0) (size 1.7272 2.032) (drill 1.016) (layers *.Cu *.Mask F.SilkS)
      (net 27 "Net-(P2-Pad6)"))
    (model ${KIPRJMOD}/Socket_Arduino_Uno.3dshapes/Socket_header_Arduino_1x06.wrl
      (offset (xyz 6.349999904632568 0 0))
      (scale (xyz 1 1 1))
      (rotate (xyz 0 0 180))
    )
  )

  (module Socket_Arduino_Uno:Socket_Strip_Arduino_1x10 locked (layer F.Cu) (tedit 552168BF) (tstamp 551AFA18)
    (at 129.794 75.565)
    (descr "Through hole socket strip")
    (tags "socket strip")
    (path /56D721E0)
    (fp_text reference P3 (at 11.43 2.794) (layer F.SilkS)
      (effects (font (size 1 1) (thickness 0.15)))
    )
    (fp_text value Digital (at 11.43 4.318) (layer F.Fab)
      (effects (font (size 1 1) (thickness 0.15)))
    )
    (fp_line (start -1.75 -1.75) (end -1.75 1.75) (layer F.CrtYd) (width 0.05))
    (fp_line (start 24.65 -1.75) (end 24.65 1.75) (layer F.CrtYd) (width 0.05))
    (fp_line (start -1.75 -1.75) (end 24.65 -1.75) (layer F.CrtYd) (width 0.05))
    (fp_line (start -1.75 1.75) (end 24.65 1.75) (layer F.CrtYd) (width 0.05))
    (fp_line (start 1.27 1.27) (end 24.13 1.27) (layer F.SilkS) (width 0.15))
    (fp_line (start 24.13 1.27) (end 24.13 -1.27) (layer F.SilkS) (width 0.15))
    (fp_line (start 24.13 -1.27) (end 1.27 -1.27) (layer F.SilkS) (width 0.15))
    (fp_line (start -1.55 1.55) (end 0 1.55) (layer F.SilkS) (width 0.15))
    (fp_line (start 1.27 1.27) (end 1.27 -1.27) (layer F.SilkS) (width 0.15))
    (fp_line (start 0 -1.55) (end -1.55 -1.55) (layer F.SilkS) (width 0.15))
    (fp_line (start -1.55 -1.55) (end -1.55 1.55) (layer F.SilkS) (width 0.15))
    (pad 1 thru_hole oval (at 0 0) (size 1.7272 2.032) (drill 1.016) (layers *.Cu *.Mask F.SilkS)
      (net 28 SCL))
    (pad 2 thru_hole oval (at 2.54 0) (size 1.7272 2.032) (drill 1.016) (layers *.Cu *.Mask F.SilkS)
      (net 29 SDA))
    (pad 3 thru_hole oval (at 5.08 0) (size 1.7272 2.032) (drill 1.016) (layers *.Cu *.Mask F.SilkS)
      (net 10 /AREF))
    (pad 4 thru_hole oval (at 7.62 0) (size 1.7272 2.032) (drill 1.016) (layers *.Cu *.Mask F.SilkS)
      (net 4 GND))
    (pad 5 thru_hole oval (at 10.16 0) (size 1.7272 2.032) (drill 1.016) (layers *.Cu *.Mask F.SilkS)
      (net 30 SCK))
    (pad 6 thru_hole oval (at 12.7 0) (size 1.7272 2.032) (drill 1.016) (layers *.Cu *.Mask F.SilkS)
      (net 31 MISO))
    (pad 7 thru_hole oval (at 15.24 0) (size 1.7272 2.032) (drill 1.016) (layers *.Cu *.Mask F.SilkS)
      (net 32 MOSI))
    (pad 8 thru_hole oval (at 17.78 0) (size 1.7272 2.032) (drill 1.016) (layers *.Cu *.Mask F.SilkS)
      (net 19 "/10(**/SS)"))
    (pad 9 thru_hole oval (at 20.32 0) (size 1.7272 2.032) (drill 1.016) (layers *.Cu *.Mask F.SilkS)
      (net 11 "/9(**)"))
    (pad 10 thru_hole oval (at 22.86 0) (size 1.7272 2.032) (drill 1.016) (layers *.Cu *.Mask F.SilkS)
      (net 12 /8))
    (model ${KIPRJMOD}/Socket_Arduino_Uno.3dshapes/Socket_header_Arduino_1x10.wrl
      (offset (xyz 11.42999982833862 0 0))
      (scale (xyz 1 1 1))
      (rotate (xyz 0 0 180))
    )
  )

  (module Socket_Arduino_Uno:Socket_Strip_Arduino_1x08 locked (layer F.Cu) (tedit 552168C7) (tstamp 551AFA2F)
    (at 156.718 75.565)
    (descr "Through hole socket strip")
    (tags "socket strip")
    (path /56D7164F)
    (fp_text reference P4 (at 8.89 2.794) (layer F.SilkS)
      (effects (font (size 1 1) (thickness 0.15)))
    )
    (fp_text value Digital (at 8.89 4.318) (layer F.Fab)
      (effects (font (size 1 1) (thickness 0.15)))
    )
    (fp_line (start -1.75 -1.75) (end -1.75 1.75) (layer F.CrtYd) (width 0.05))
    (fp_line (start 19.55 -1.75) (end 19.55 1.75) (layer F.CrtYd) (width 0.05))
    (fp_line (start -1.75 -1.75) (end 19.55 -1.75) (layer F.CrtYd) (width 0.05))
    (fp_line (start -1.75 1.75) (end 19.55 1.75) (layer F.CrtYd) (width 0.05))
    (fp_line (start 1.27 1.27) (end 19.05 1.27) (layer F.SilkS) (width 0.15))
    (fp_line (start 19.05 1.27) (end 19.05 -1.27) (layer F.SilkS) (width 0.15))
    (fp_line (start 19.05 -1.27) (end 1.27 -1.27) (layer F.SilkS) (width 0.15))
    (fp_line (start -1.55 1.55) (end 0 1.55) (layer F.SilkS) (width 0.15))
    (fp_line (start 1.27 1.27) (end 1.27 -1.27) (layer F.SilkS) (width 0.15))
    (fp_line (start 0 -1.55) (end -1.55 -1.55) (layer F.SilkS) (width 0.15))
    (fp_line (start -1.55 -1.55) (end -1.55 1.55) (layer F.SilkS) (width 0.15))
    (pad 1 thru_hole oval (at 0 0) (size 1.7272 2.032) (drill 1.016) (layers *.Cu *.Mask F.SilkS)
      (net 33 CRESET))
    (pad 2 thru_hole oval (at 2.54 0) (size 1.7272 2.032) (drill 1.016) (layers *.Cu *.Mask F.SilkS)
      (net 34 CDONE))
    (pad 3 thru_hole oval (at 5.08 0) (size 1.7272 2.032) (drill 1.016) (layers *.Cu *.Mask F.SilkS)
      (net 35 CSFLASH1))
    (pad 4 thru_hole oval (at 7.62 0) (size 1.7272 2.032) (drill 1.016) (layers *.Cu *.Mask F.SilkS)
      (net 36 CSFLASH0))
    (pad 5 thru_hole oval (at 10.16 0) (size 1.7272 2.032) (drill 1.016) (layers *.Cu *.Mask F.SilkS)
      (net 37 CSFPGA))
    (pad 6 thru_hole oval (at 12.7 0) (size 1.7272 2.032) (drill 1.016) (layers *.Cu *.Mask F.SilkS)
      (net 38 COUNTER))
    (pad 7 thru_hole oval (at 15.24 0) (size 1.7272 2.032) (drill 1.016) (layers *.Cu *.Mask F.SilkS)
      (net 13 "/1(Tx)"))
    (pad 8 thru_hole oval (at 17.78 0) (size 1.7272 2.032) (drill 1.016) (layers *.Cu *.Mask F.SilkS)
      (net 14 "/0(Rx)"))
    (model ${KIPRJMOD}/Socket_Arduino_Uno.3dshapes/Socket_header_Arduino_1x08.wrl
      (offset (xyz 8.889999866485596 0 0))
      (scale (xyz 1 1 1))
      (rotate (xyz 0 0 180))
    )
  )

  (module Socket_Arduino_Uno:Arduino_1pin locked (layer F.Cu) (tedit 5524FC39) (tstamp 5524FC3F)
    (at 124.968 123.825)
    (descr "module 1 pin (ou trou mecanique de percage)")
    (tags DEV)
    (path /56D71177)
    (fp_text reference P5 (at 0 -3.048) (layer F.SilkS) hide
      (effects (font (size 1 1) (thickness 0.15)))
    )
    (fp_text value CONN_01X01 (at 0 2.794) (layer F.Fab) hide
      (effects (font (size 1 1) (thickness 0.15)))
    )
    (fp_circle (center 0 0) (end 0 -2.286) (layer F.SilkS) (width 0.15))
    (pad 1 thru_hole circle (at 0 0) (size 4.064 4.064) (drill 3.048) (layers *.Cu *.Mask F.SilkS)
      (net 15 "Net-(P5-Pad1)"))
  )

  (module Socket_Arduino_Uno:Arduino_1pin locked (layer F.Cu) (tedit 5524FC4A) (tstamp 5524FC44)
    (at 177.038 118.745)
    (descr "module 1 pin (ou trou mecanique de percage)")
    (tags DEV)
    (path /56D71274)
    (fp_text reference P6 (at 0 -3.048) (layer F.SilkS) hide
      (effects (font (size 1 1) (thickness 0.15)))
    )
    (fp_text value CONN_01X01 (at 0 2.794) (layer F.Fab) hide
      (effects (font (size 1 1) (thickness 0.15)))
    )
    (fp_circle (center 0 0) (end 0 -2.286) (layer F.SilkS) (width 0.15))
    (pad 1 thru_hole circle (at 0 0) (size 4.064 4.064) (drill 3.048) (layers *.Cu *.Mask F.SilkS)
      (net 16 "Net-(P6-Pad1)"))
  )

  (module Socket_Arduino_Uno:Arduino_1pin locked (layer F.Cu) (tedit 5524FC2F) (tstamp 5524FC49)
    (at 126.238 75.565)
    (descr "module 1 pin (ou trou mecanique de percage)")
    (tags DEV)
    (path /56D712A8)
    (fp_text reference P7 (at 0 -3.048) (layer F.SilkS) hide
      (effects (font (size 1 1) (thickness 0.15)))
    )
    (fp_text value CONN_01X01 (at 0 2.794) (layer F.Fab) hide
      (effects (font (size 1 1) (thickness 0.15)))
    )
    (fp_circle (center 0 0) (end 0 -2.286) (layer F.SilkS) (width 0.15))
    (pad 1 thru_hole circle (at 0 0) (size 4.064 4.064) (drill 3.048) (layers *.Cu *.Mask F.SilkS)
      (net 17 "Net-(P7-Pad1)"))
  )

  (module Socket_Arduino_Uno:Arduino_1pin locked (layer F.Cu) (tedit 5524FC41) (tstamp 5524FC4E)
    (at 177.038 90.805)
    (descr "module 1 pin (ou trou mecanique de percage)")
    (tags DEV)
    (path /56D712DB)
    (fp_text reference P8 (at 0 -3.048) (layer F.SilkS) hide
      (effects (font (size 1 1) (thickness 0.15)))
    )
    (fp_text value CONN_01X01 (at 0 2.794) (layer F.Fab) hide
      (effects (font (size 1 1) (thickness 0.15)))
    )
    (fp_circle (center 0 0) (end 0 -2.286) (layer F.SilkS) (width 0.15))
    (pad 1 thru_hole circle (at 0 0) (size 4.064 4.064) (drill 3.048) (layers *.Cu *.Mask F.SilkS)
      (net 18 "Net-(P8-Pad1)"))
  )

  (module Capacitor_SMD:C_1206_3216Metric (layer F.Cu) (tedit 5B301BBE) (tstamp 5D521E79)
    (at 144.526 118.999)
    (descr "Capacitor SMD 1206 (3216 Metric), square (rectangular) end terminal, IPC_7351 nominal, (Body size source: http://www.tortai-tech.com/upload/download/2011102023233369053.pdf), generated with kicad-footprint-generator")
    (tags capacitor)
    (path /5D420731)
    (attr smd)
    (fp_text reference C1 (at 0 -1.82) (layer F.SilkS)
      (effects (font (size 1 1) (thickness 0.15)))
    )
    (fp_text value " LMK316B7475KL-T " (at 0 1.82) (layer F.Fab)
      (effects (font (size 1 1) (thickness 0.15)))
    )
    (fp_line (start -1.6 0.8) (end -1.6 -0.8) (layer F.Fab) (width 0.1))
    (fp_line (start -1.6 -0.8) (end 1.6 -0.8) (layer F.Fab) (width 0.1))
    (fp_line (start 1.6 -0.8) (end 1.6 0.8) (layer F.Fab) (width 0.1))
    (fp_line (start 1.6 0.8) (end -1.6 0.8) (layer F.Fab) (width 0.1))
    (fp_line (start -0.602064 -0.91) (end 0.602064 -0.91) (layer F.SilkS) (width 0.12))
    (fp_line (start -0.602064 0.91) (end 0.602064 0.91) (layer F.SilkS) (width 0.12))
    (fp_line (start -2.28 1.12) (end -2.28 -1.12) (layer F.CrtYd) (width 0.05))
    (fp_line (start -2.28 -1.12) (end 2.28 -1.12) (layer F.CrtYd) (width 0.05))
    (fp_line (start 2.28 -1.12) (end 2.28 1.12) (layer F.CrtYd) (width 0.05))
    (fp_line (start 2.28 1.12) (end -2.28 1.12) (layer F.CrtYd) (width 0.05))
    (fp_text user %R (at 0 0) (layer F.Fab)
      (effects (font (size 0.8 0.8) (thickness 0.12)))
    )
    (pad 1 smd roundrect (at -1.4 0) (size 1.25 1.75) (layers F.Cu F.Paste F.Mask) (roundrect_rratio 0.2)
      (net 21 +3V3))
    (pad 2 smd roundrect (at 1.4 0) (size 1.25 1.75) (layers F.Cu F.Paste F.Mask) (roundrect_rratio 0.2)
      (net 4 GND))
    (model ${KISYS3DMOD}/Capacitor_SMD.3dshapes/C_1206_3216Metric.wrl
      (at (xyz 0 0 0))
      (scale (xyz 1 1 1))
      (rotate (xyz 0 0 0))
    )
  )

  (module Capacitor_SMD:C_1206_3216Metric (layer F.Cu) (tedit 5B301BBE) (tstamp 5D521E8A)
    (at 133.35 118.237 90)
    (descr "Capacitor SMD 1206 (3216 Metric), square (rectangular) end terminal, IPC_7351 nominal, (Body size source: http://www.tortai-tech.com/upload/download/2011102023233369053.pdf), generated with kicad-footprint-generator")
    (tags capacitor)
    (path /5D42B392)
    (attr smd)
    (fp_text reference C2 (at 0 -1.82 90) (layer F.SilkS)
      (effects (font (size 1 1) (thickness 0.15)))
    )
    (fp_text value " TMK316B7106KL-TD " (at 0 1.82 90) (layer F.Fab)
      (effects (font (size 1 1) (thickness 0.15)))
    )
    (fp_text user %R (at 0 0 90) (layer F.Fab)
      (effects (font (size 0.8 0.8) (thickness 0.12)))
    )
    (fp_line (start 2.28 1.12) (end -2.28 1.12) (layer F.CrtYd) (width 0.05))
    (fp_line (start 2.28 -1.12) (end 2.28 1.12) (layer F.CrtYd) (width 0.05))
    (fp_line (start -2.28 -1.12) (end 2.28 -1.12) (layer F.CrtYd) (width 0.05))
    (fp_line (start -2.28 1.12) (end -2.28 -1.12) (layer F.CrtYd) (width 0.05))
    (fp_line (start -0.602064 0.91) (end 0.602064 0.91) (layer F.SilkS) (width 0.12))
    (fp_line (start -0.602064 -0.91) (end 0.602064 -0.91) (layer F.SilkS) (width 0.12))
    (fp_line (start 1.6 0.8) (end -1.6 0.8) (layer F.Fab) (width 0.1))
    (fp_line (start 1.6 -0.8) (end 1.6 0.8) (layer F.Fab) (width 0.1))
    (fp_line (start -1.6 -0.8) (end 1.6 -0.8) (layer F.Fab) (width 0.1))
    (fp_line (start -1.6 0.8) (end -1.6 -0.8) (layer F.Fab) (width 0.1))
    (pad 2 smd roundrect (at 1.4 0 90) (size 1.25 1.75) (layers F.Cu F.Paste F.Mask) (roundrect_rratio 0.2)
      (net 4 GND))
    (pad 1 smd roundrect (at -1.4 0 90) (size 1.25 1.75) (layers F.Cu F.Paste F.Mask) (roundrect_rratio 0.2)
      (net 22 1V8))
    (model ${KISYS3DMOD}/Capacitor_SMD.3dshapes/C_1206_3216Metric.wrl
      (at (xyz 0 0 0))
      (scale (xyz 1 1 1))
      (rotate (xyz 0 0 0))
    )
  )

  (module Capacitor_SMD:C_0805_2012Metric (layer F.Cu) (tedit 5B36C52B) (tstamp 5D521E9B)
    (at 152.146 81.153 180)
    (descr "Capacitor SMD 0805 (2012 Metric), square (rectangular) end terminal, IPC_7351 nominal, (Body size source: https://docs.google.com/spreadsheets/d/1BsfQQcO9C6DZCsRaXUlFlo91Tg2WpOkGARC1WS5S8t0/edit?usp=sharing), generated with kicad-footprint-generator")
    (tags capacitor)
    (path /5D45CDFB)
    (attr smd)
    (fp_text reference C3 (at 0 -1.65 180) (layer F.SilkS)
      (effects (font (size 1 1) (thickness 0.15)))
    )
    (fp_text value 0.47uF (at 0 1.65 180) (layer F.Fab)
      (effects (font (size 1 1) (thickness 0.15)))
    )
    (fp_text user %R (at 0 0 180) (layer F.Fab)
      (effects (font (size 0.5 0.5) (thickness 0.08)))
    )
    (fp_line (start 1.68 0.95) (end -1.68 0.95) (layer F.CrtYd) (width 0.05))
    (fp_line (start 1.68 -0.95) (end 1.68 0.95) (layer F.CrtYd) (width 0.05))
    (fp_line (start -1.68 -0.95) (end 1.68 -0.95) (layer F.CrtYd) (width 0.05))
    (fp_line (start -1.68 0.95) (end -1.68 -0.95) (layer F.CrtYd) (width 0.05))
    (fp_line (start -0.258578 0.71) (end 0.258578 0.71) (layer F.SilkS) (width 0.12))
    (fp_line (start -0.258578 -0.71) (end 0.258578 -0.71) (layer F.SilkS) (width 0.12))
    (fp_line (start 1 0.6) (end -1 0.6) (layer F.Fab) (width 0.1))
    (fp_line (start 1 -0.6) (end 1 0.6) (layer F.Fab) (width 0.1))
    (fp_line (start -1 -0.6) (end 1 -0.6) (layer F.Fab) (width 0.1))
    (fp_line (start -1 0.6) (end -1 -0.6) (layer F.Fab) (width 0.1))
    (pad 2 smd roundrect (at 0.9375 0 180) (size 0.975 1.4) (layers F.Cu F.Paste F.Mask) (roundrect_rratio 0.25)
      (net 21 +3V3))
    (pad 1 smd roundrect (at -0.9375 0 180) (size 0.975 1.4) (layers F.Cu F.Paste F.Mask) (roundrect_rratio 0.25)
      (net 4 GND))
    (model ${KISYS3DMOD}/Capacitor_SMD.3dshapes/C_0805_2012Metric.wrl
      (at (xyz 0 0 0))
      (scale (xyz 1 1 1))
      (rotate (xyz 0 0 0))
    )
  )

  (module Capacitor_SMD:C_0805_2012Metric (layer F.Cu) (tedit 5B36C52B) (tstamp 5D521EAC)
    (at 156.2885 81.153)
    (descr "Capacitor SMD 0805 (2012 Metric), square (rectangular) end terminal, IPC_7351 nominal, (Body size source: https://docs.google.com/spreadsheets/d/1BsfQQcO9C6DZCsRaXUlFlo91Tg2WpOkGARC1WS5S8t0/edit?usp=sharing), generated with kicad-footprint-generator")
    (tags capacitor)
    (path /5D45CEA4)
    (attr smd)
    (fp_text reference C4 (at 0 -1.65) (layer F.SilkS)
      (effects (font (size 1 1) (thickness 0.15)))
    )
    (fp_text value "0.47uF 885012207020" (at 0 1.65) (layer F.Fab)
      (effects (font (size 1 1) (thickness 0.15)))
    )
    (fp_line (start -1 0.6) (end -1 -0.6) (layer F.Fab) (width 0.1))
    (fp_line (start -1 -0.6) (end 1 -0.6) (layer F.Fab) (width 0.1))
    (fp_line (start 1 -0.6) (end 1 0.6) (layer F.Fab) (width 0.1))
    (fp_line (start 1 0.6) (end -1 0.6) (layer F.Fab) (width 0.1))
    (fp_line (start -0.258578 -0.71) (end 0.258578 -0.71) (layer F.SilkS) (width 0.12))
    (fp_line (start -0.258578 0.71) (end 0.258578 0.71) (layer F.SilkS) (width 0.12))
    (fp_line (start -1.68 0.95) (end -1.68 -0.95) (layer F.CrtYd) (width 0.05))
    (fp_line (start -1.68 -0.95) (end 1.68 -0.95) (layer F.CrtYd) (width 0.05))
    (fp_line (start 1.68 -0.95) (end 1.68 0.95) (layer F.CrtYd) (width 0.05))
    (fp_line (start 1.68 0.95) (end -1.68 0.95) (layer F.CrtYd) (width 0.05))
    (fp_text user %R (at 0 0) (layer F.Fab)
      (effects (font (size 0.5 0.5) (thickness 0.08)))
    )
    (pad 1 smd roundrect (at -0.9375 0) (size 0.975 1.4) (layers F.Cu F.Paste F.Mask) (roundrect_rratio 0.25)
      (net 4 GND))
    (pad 2 smd roundrect (at 0.9375 0) (size 0.975 1.4) (layers F.Cu F.Paste F.Mask) (roundrect_rratio 0.25)
      (net 21 +3V3))
    (model ${KISYS3DMOD}/Capacitor_SMD.3dshapes/C_0805_2012Metric.wrl
      (at (xyz 0 0 0))
      (scale (xyz 1 1 1))
      (rotate (xyz 0 0 0))
    )
  )

  (module Capacitor_SMD:C_0805_2012Metric (layer F.Cu) (tedit 5B36C52B) (tstamp 5D521EBD)
    (at 114.554 83.439 90)
    (descr "Capacitor SMD 0805 (2012 Metric), square (rectangular) end terminal, IPC_7351 nominal, (Body size source: https://docs.google.com/spreadsheets/d/1BsfQQcO9C6DZCsRaXUlFlo91Tg2WpOkGARC1WS5S8t0/edit?usp=sharing), generated with kicad-footprint-generator")
    (tags capacitor)
    (path /5D49E0A8)
    (attr smd)
    (fp_text reference C5 (at 0 -1.65 90) (layer F.SilkS)
      (effects (font (size 1 1) (thickness 0.15)))
    )
    (fp_text value "0.1uF 885012207072 " (at 0 1.65 90) (layer F.Fab)
      (effects (font (size 1 1) (thickness 0.15)))
    )
    (fp_text user %R (at 0 0 90) (layer F.Fab)
      (effects (font (size 0.5 0.5) (thickness 0.08)))
    )
    (fp_line (start 1.68 0.95) (end -1.68 0.95) (layer F.CrtYd) (width 0.05))
    (fp_line (start 1.68 -0.95) (end 1.68 0.95) (layer F.CrtYd) (width 0.05))
    (fp_line (start -1.68 -0.95) (end 1.68 -0.95) (layer F.CrtYd) (width 0.05))
    (fp_line (start -1.68 0.95) (end -1.68 -0.95) (layer F.CrtYd) (width 0.05))
    (fp_line (start -0.258578 0.71) (end 0.258578 0.71) (layer F.SilkS) (width 0.12))
    (fp_line (start -0.258578 -0.71) (end 0.258578 -0.71) (layer F.SilkS) (width 0.12))
    (fp_line (start 1 0.6) (end -1 0.6) (layer F.Fab) (width 0.1))
    (fp_line (start 1 -0.6) (end 1 0.6) (layer F.Fab) (width 0.1))
    (fp_line (start -1 -0.6) (end 1 -0.6) (layer F.Fab) (width 0.1))
    (fp_line (start -1 0.6) (end -1 -0.6) (layer F.Fab) (width 0.1))
    (pad 2 smd roundrect (at 0.9375 0 90) (size 0.975 1.4) (layers F.Cu F.Paste F.Mask) (roundrect_rratio 0.25)
      (net 4 GND))
    (pad 1 smd roundrect (at -0.9375 0 90) (size 0.975 1.4) (layers F.Cu F.Paste F.Mask) (roundrect_rratio 0.25)
      (net 21 +3V3))
    (model ${KISYS3DMOD}/Capacitor_SMD.3dshapes/C_0805_2012Metric.wrl
      (at (xyz 0 0 0))
      (scale (xyz 1 1 1))
      (rotate (xyz 0 0 0))
    )
  )

  (module Capacitor_SMD:C_0805_2012Metric (layer F.Cu) (tedit 5B36C52B) (tstamp 5D521ECE)
    (at 129.032 87.9475)
    (descr "Capacitor SMD 0805 (2012 Metric), square (rectangular) end terminal, IPC_7351 nominal, (Body size source: https://docs.google.com/spreadsheets/d/1BsfQQcO9C6DZCsRaXUlFlo91Tg2WpOkGARC1WS5S8t0/edit?usp=sharing), generated with kicad-footprint-generator")
    (tags capacitor)
    (path /5D49E18B)
    (attr smd)
    (fp_text reference C6 (at 0 -1.65) (layer F.SilkS)
      (effects (font (size 1 1) (thickness 0.15)))
    )
    (fp_text value 0.1uF (at 0 1.65) (layer F.Fab)
      (effects (font (size 1 1) (thickness 0.15)))
    )
    (fp_line (start -1 0.6) (end -1 -0.6) (layer F.Fab) (width 0.1))
    (fp_line (start -1 -0.6) (end 1 -0.6) (layer F.Fab) (width 0.1))
    (fp_line (start 1 -0.6) (end 1 0.6) (layer F.Fab) (width 0.1))
    (fp_line (start 1 0.6) (end -1 0.6) (layer F.Fab) (width 0.1))
    (fp_line (start -0.258578 -0.71) (end 0.258578 -0.71) (layer F.SilkS) (width 0.12))
    (fp_line (start -0.258578 0.71) (end 0.258578 0.71) (layer F.SilkS) (width 0.12))
    (fp_line (start -1.68 0.95) (end -1.68 -0.95) (layer F.CrtYd) (width 0.05))
    (fp_line (start -1.68 -0.95) (end 1.68 -0.95) (layer F.CrtYd) (width 0.05))
    (fp_line (start 1.68 -0.95) (end 1.68 0.95) (layer F.CrtYd) (width 0.05))
    (fp_line (start 1.68 0.95) (end -1.68 0.95) (layer F.CrtYd) (width 0.05))
    (fp_text user %R (at 0 0) (layer F.Fab)
      (effects (font (size 0.5 0.5) (thickness 0.08)))
    )
    (pad 1 smd roundrect (at -0.9375 0) (size 0.975 1.4) (layers F.Cu F.Paste F.Mask) (roundrect_rratio 0.25)
      (net 4 GND))
    (pad 2 smd roundrect (at 0.9375 0) (size 0.975 1.4) (layers F.Cu F.Paste F.Mask) (roundrect_rratio 0.25)
      (net 21 +3V3))
    (model ${KISYS3DMOD}/Capacitor_SMD.3dshapes/C_0805_2012Metric.wrl
      (at (xyz 0 0 0))
      (scale (xyz 1 1 1))
      (rotate (xyz 0 0 0))
    )
  )

  (module Capacitor_SMD:C_0805_2012Metric (layer F.Cu) (tedit 5B36C52B) (tstamp 5D521EDF)
    (at 113.8555 89.535 90)
    (descr "Capacitor SMD 0805 (2012 Metric), square (rectangular) end terminal, IPC_7351 nominal, (Body size source: https://docs.google.com/spreadsheets/d/1BsfQQcO9C6DZCsRaXUlFlo91Tg2WpOkGARC1WS5S8t0/edit?usp=sharing), generated with kicad-footprint-generator")
    (tags capacitor)
    (path /5D4A3D97)
    (attr smd)
    (fp_text reference C7 (at 0 -1.65 90) (layer F.SilkS)
      (effects (font (size 1 1) (thickness 0.15)))
    )
    (fp_text value 0.1uF (at 0 1.65 90) (layer F.Fab)
      (effects (font (size 1 1) (thickness 0.15)))
    )
    (fp_text user %R (at 0 0 90) (layer F.Fab)
      (effects (font (size 0.5 0.5) (thickness 0.08)))
    )
    (fp_line (start 1.68 0.95) (end -1.68 0.95) (layer F.CrtYd) (width 0.05))
    (fp_line (start 1.68 -0.95) (end 1.68 0.95) (layer F.CrtYd) (width 0.05))
    (fp_line (start -1.68 -0.95) (end 1.68 -0.95) (layer F.CrtYd) (width 0.05))
    (fp_line (start -1.68 0.95) (end -1.68 -0.95) (layer F.CrtYd) (width 0.05))
    (fp_line (start -0.258578 0.71) (end 0.258578 0.71) (layer F.SilkS) (width 0.12))
    (fp_line (start -0.258578 -0.71) (end 0.258578 -0.71) (layer F.SilkS) (width 0.12))
    (fp_line (start 1 0.6) (end -1 0.6) (layer F.Fab) (width 0.1))
    (fp_line (start 1 -0.6) (end 1 0.6) (layer F.Fab) (width 0.1))
    (fp_line (start -1 -0.6) (end 1 -0.6) (layer F.Fab) (width 0.1))
    (fp_line (start -1 0.6) (end -1 -0.6) (layer F.Fab) (width 0.1))
    (pad 2 smd roundrect (at 0.9375 0 90) (size 0.975 1.4) (layers F.Cu F.Paste F.Mask) (roundrect_rratio 0.25)
      (net 4 GND))
    (pad 1 smd roundrect (at -0.9375 0 90) (size 0.975 1.4) (layers F.Cu F.Paste F.Mask) (roundrect_rratio 0.25)
      (net 21 +3V3))
    (model ${KISYS3DMOD}/Capacitor_SMD.3dshapes/C_0805_2012Metric.wrl
      (at (xyz 0 0 0))
      (scale (xyz 1 1 1))
      (rotate (xyz 0 0 0))
    )
  )

  (module Capacitor_SMD:C_1206_3216Metric (layer F.Cu) (tedit 5B301BBE) (tstamp 5D521EF0)
    (at 145.532501 108.468501)
    (descr "Capacitor SMD 1206 (3216 Metric), square (rectangular) end terminal, IPC_7351 nominal, (Body size source: http://www.tortai-tech.com/upload/download/2011102023233369053.pdf), generated with kicad-footprint-generator")
    (tags capacitor)
    (path /5D509BA6)
    (attr smd)
    (fp_text reference C8 (at 0 -1.82) (layer F.SilkS)
      (effects (font (size 1 1) (thickness 0.15)))
    )
    (fp_text value " LMK316B7475KL-T " (at 0 1.82) (layer F.Fab)
      (effects (font (size 1 1) (thickness 0.15)))
    )
    (fp_line (start -1.6 0.8) (end -1.6 -0.8) (layer F.Fab) (width 0.1))
    (fp_line (start -1.6 -0.8) (end 1.6 -0.8) (layer F.Fab) (width 0.1))
    (fp_line (start 1.6 -0.8) (end 1.6 0.8) (layer F.Fab) (width 0.1))
    (fp_line (start 1.6 0.8) (end -1.6 0.8) (layer F.Fab) (width 0.1))
    (fp_line (start -0.602064 -0.91) (end 0.602064 -0.91) (layer F.SilkS) (width 0.12))
    (fp_line (start -0.602064 0.91) (end 0.602064 0.91) (layer F.SilkS) (width 0.12))
    (fp_line (start -2.28 1.12) (end -2.28 -1.12) (layer F.CrtYd) (width 0.05))
    (fp_line (start -2.28 -1.12) (end 2.28 -1.12) (layer F.CrtYd) (width 0.05))
    (fp_line (start 2.28 -1.12) (end 2.28 1.12) (layer F.CrtYd) (width 0.05))
    (fp_line (start 2.28 1.12) (end -2.28 1.12) (layer F.CrtYd) (width 0.05))
    (fp_text user %R (at 0 0) (layer F.Fab)
      (effects (font (size 0.8 0.8) (thickness 0.12)))
    )
    (pad 1 smd roundrect (at -1.4 0) (size 1.25 1.75) (layers F.Cu F.Paste F.Mask) (roundrect_rratio 0.2)
      (net 21 +3V3))
    (pad 2 smd roundrect (at 1.4 0) (size 1.25 1.75) (layers F.Cu F.Paste F.Mask) (roundrect_rratio 0.2)
      (net 4 GND))
    (model ${KISYS3DMOD}/Capacitor_SMD.3dshapes/C_1206_3216Metric.wrl
      (at (xyz 0 0 0))
      (scale (xyz 1 1 1))
      (rotate (xyz 0 0 0))
    )
  )

  (module Capacitor_SMD:C_0805_2012Metric (layer F.Cu) (tedit 5B36C52B) (tstamp 5D521F01)
    (at 149.542501 110.938501)
    (descr "Capacitor SMD 0805 (2012 Metric), square (rectangular) end terminal, IPC_7351 nominal, (Body size source: https://docs.google.com/spreadsheets/d/1BsfQQcO9C6DZCsRaXUlFlo91Tg2WpOkGARC1WS5S8t0/edit?usp=sharing), generated with kicad-footprint-generator")
    (tags capacitor)
    (path /5D509CC4)
    (attr smd)
    (fp_text reference C9 (at 0 -1.65) (layer F.SilkS)
      (effects (font (size 1 1) (thickness 0.15)))
    )
    (fp_text value "0.1uF 885012207072 " (at 0 1.65) (layer F.Fab)
      (effects (font (size 1 1) (thickness 0.15)))
    )
    (fp_line (start -1 0.6) (end -1 -0.6) (layer F.Fab) (width 0.1))
    (fp_line (start -1 -0.6) (end 1 -0.6) (layer F.Fab) (width 0.1))
    (fp_line (start 1 -0.6) (end 1 0.6) (layer F.Fab) (width 0.1))
    (fp_line (start 1 0.6) (end -1 0.6) (layer F.Fab) (width 0.1))
    (fp_line (start -0.258578 -0.71) (end 0.258578 -0.71) (layer F.SilkS) (width 0.12))
    (fp_line (start -0.258578 0.71) (end 0.258578 0.71) (layer F.SilkS) (width 0.12))
    (fp_line (start -1.68 0.95) (end -1.68 -0.95) (layer F.CrtYd) (width 0.05))
    (fp_line (start -1.68 -0.95) (end 1.68 -0.95) (layer F.CrtYd) (width 0.05))
    (fp_line (start 1.68 -0.95) (end 1.68 0.95) (layer F.CrtYd) (width 0.05))
    (fp_line (start 1.68 0.95) (end -1.68 0.95) (layer F.CrtYd) (width 0.05))
    (fp_text user %R (at 0 0) (layer F.Fab)
      (effects (font (size 0.5 0.5) (thickness 0.08)))
    )
    (pad 1 smd roundrect (at -0.9375 0) (size 0.975 1.4) (layers F.Cu F.Paste F.Mask) (roundrect_rratio 0.25)
      (net 4 GND))
    (pad 2 smd roundrect (at 0.9375 0) (size 0.975 1.4) (layers F.Cu F.Paste F.Mask) (roundrect_rratio 0.25)
      (net 21 +3V3))
    (model ${KISYS3DMOD}/Capacitor_SMD.3dshapes/C_0805_2012Metric.wrl
      (at (xyz 0 0 0))
      (scale (xyz 1 1 1))
      (rotate (xyz 0 0 0))
    )
  )

  (module Capacitor_SMD:C_0805_2012Metric (layer F.Cu) (tedit 5B36C52B) (tstamp 5D521F12)
    (at 162.179 102.5525)
    (descr "Capacitor SMD 0805 (2012 Metric), square (rectangular) end terminal, IPC_7351 nominal, (Body size source: https://docs.google.com/spreadsheets/d/1BsfQQcO9C6DZCsRaXUlFlo91Tg2WpOkGARC1WS5S8t0/edit?usp=sharing), generated with kicad-footprint-generator")
    (tags capacitor)
    (path /5D75180E)
    (attr smd)
    (fp_text reference C10 (at 0 -1.65) (layer F.SilkS)
      (effects (font (size 1 1) (thickness 0.15)))
    )
    (fp_text value 0.1uF (at 0 1.65) (layer F.Fab)
      (effects (font (size 1 1) (thickness 0.15)))
    )
    (fp_line (start -1 0.6) (end -1 -0.6) (layer F.Fab) (width 0.1))
    (fp_line (start -1 -0.6) (end 1 -0.6) (layer F.Fab) (width 0.1))
